fifo_sfa fifo_tfa blind_sfa blind_tfa blind_pmoo
2,248315e-03 2,301644e-03 3,926123e-03 4,647260e-03 2,013653e-03
4,177562e-03 4,267724e-03 7,282864e-03 8,619703e-03 3,611406e-03
6,106809e-03 6,233804e-03 1,063960e-02 1,259215e-02 5,209159e-03
8,036056e-03 8,199884e-03 1,399635e-02 1,656459e-02 6,806912e-03
9,965304e-03 1,016596e-02 1,735309e-02 2,053703e-02 8,404665e-03
1,189455e-02 1,213204e-02 2,070983e-02 2,450947e-02 1,000242e-02
1,382380e-02 1,409812e-02 2,406657e-02 2,848192e-02 1,160017e-02
1,575305e-02 1,606420e-02 2,742331e-02 3,245436e-02 1,319792e-02
1,768229e-02 1,803028e-02 3,078005e-02 3,642680e-02 1,479568e-02
1,961154e-02 1,999636e-02 3,413679e-02 4,039924e-02 1,639343e-02
