fifo_sfa fifo_tfa blind_sfa blind_tfa blind_pmoo
1,876330e-04 2,368928e-04 1,876330e-04 2,368928e-04 1,876330e-04
2,527429e-04 3,017555e-04 2,559123e-04 3,098594e-04 2,064571e-04
3,178609e-04 3,666181e-04 3,259648e-04 3,814946e-04 2,258876e-04
3,829872e-04 4,314808e-04 3,978636e-04 4,550444e-04 2,459541e-04
4,481222e-04 4,963435e-04 4,716858e-04 5,305902e-04 2,666886e-04
5,132665e-04 5,612061e-04 5,475132e-04 6,082179e-04 2,881248e-04
5,784205e-04 6,260688e-04 6,254323e-04 6,880189e-04 3,102991e-04
6,435847e-04 6,909315e-04 7,055348e-04 7,700898e-04 3,332502e-04
7,087596e-04 7,557941e-04 7,879180e-04 8,545336e-04 3,570196e-04
7,739459e-04 8,206568e-04 8,726853e-04 9,414594e-04 3,816519e-04
8,391442e-04 8,855195e-04 9,599468e-04 1,030984e-03 4,071950e-04
9,043550e-04 9,503821e-04 1,049819e-03 1,123230e-03 4,337004e-04
9,695793e-04 1,015245e-03 1,142428e-03 1,218332e-03 4,612234e-04
1,034818e-03 1,080107e-03 1,237905e-03 1,316429e-03 4,898238e-04
1,100071e-03 1,144970e-03 1,336393e-03 1,417673e-03 5,195661e-04
1,165340e-03 1,209833e-03 1,438044e-03 1,522226e-03 5,505202e-04
1,230627e-03 1,274695e-03 1,543020e-03 1,630261e-03 5,827616e-04
1,295931e-03 1,339558e-03 1,651496e-03 1,741964e-03 6,163723e-04
1,361254e-03 1,404421e-03 1,763660e-03 1,857535e-03 6,514414e-04
1,426598e-03 1,469283e-03 1,879713e-03 1,977190e-03 6,880661e-04
1,491964e-03 1,534146e-03 1,999871e-03 2,101162e-03 7,263521e-04
1,557353e-03 1,599009e-03 2,124369e-03 2,229701e-03 7,664150e-04
1,622767e-03 1,663871e-03 2,253459e-03 2,363079e-03 8,083816e-04
1,688208e-03 1,728734e-03 2,387415e-03 2,501591e-03 8,523908e-04
1,753677e-03 1,793597e-03 2,526534e-03 2,645557e-03 8,985954e-04
1,819178e-03 1,858459e-03 2,671138e-03 2,795326e-03 9,471641e-04
1,884712e-03 1,923322e-03 2,821579e-03 2,951277e-03 9,982828e-04
1,950283e-03 1,988185e-03 2,978238e-03 3,113827e-03 1,052158e-03
2,015892e-03 2,053047e-03 3,141535e-03 3,283431e-03 1,109019e-03
2,081545e-03 2,117910e-03 3,311929e-03 3,460590e-03 1,169120e-03
2,147243e-03 2,182773e-03 3,489923e-03 3,645855e-03 1,232747e-03
2,212992e-03 2,247635e-03 3,676075e-03 3,839835e-03 1,300220e-03
2,278797e-03 2,312498e-03 3,870997e-03 4,043206e-03 1,371898e-03
2,344662e-03 2,377361e-03 4,075370e-03 4,256719e-03 1,448187e-03
2,410593e-03 2,442223e-03 4,289952e-03 4,481212e-03 1,529547e-03
2,476598e-03 2,507086e-03 4,515587e-03 4,717623e-03 1,616500e-03
2,542685e-03 2,571949e-03 4,753222e-03 4,967008e-03 1,709644e-03
2,608861e-03 2,636811e-03 5,003920e-03 5,230558e-03 1,809664e-03
2,675139e-03 2,701674e-03 5,268885e-03 5,509627e-03 1,917351e-03
2,741529e-03 2,766537e-03 5,549482e-03 5,805758e-03 2,033622e-03
2,808046e-03 2,831399e-03 5,847267e-03 6,120721e-03 2,159545e-03
2,874706e-03 2,896262e-03 6,164027e-03 6,456559e-03 2,296375e-03
2,941529e-03 2,961125e-03 6,501826e-03 6,815647e-03 2,445593e-03
3,008538e-03 3,025987e-03 6,863060e-03 7,200764e-03 2,608961e-03
3,075761e-03 3,090850e-03 7,250538e-03 7,615191e-03 2,788592e-03
3,143231e-03 3,155713e-03 7,667572e-03 8,062837e-03 2,987041e-03
3,210989e-03 3,220575e-03 8,118113e-03 8,548405e-03 3,207430e-03
3,279086e-03 3,285438e-03 8,606916e-03 9,077622e-03 3,453608e-03
3,347585e-03 3,350301e-03 9,139768e-03 9,657549e-03 3,730384e-03
3,416565e-03 3,415163e-03 9,723814e-03 1,029703e-02 4,043842e-03
3,486131e-03 3,480026e-03 1,036800e-02 1,100732e-02 4,401790e-03
3,556414e-03 3,544889e-03 1,108371e-02 1,180304e-02 4,814424e-03
3,627595e-03 3,609751e-03 1,188575e-02 1,270361e-02 5,295313e-03
3,699915e-03 3,674614e-03 1,279377e-02 1,373553e-02 5,862919e-03
3,773712e-03 3,739477e-03 1,383463e-02 1,493614e-02 6,543022e-03
3,849476e-03 3,804339e-03 1,504614e-02 1,636013e-02 7,372747e-03
3,927934e-03 3,869202e-03 1,648373e-02 1,809150e-02 8,407570e-03
4,010226e-03 3,934065e-03 1,823252e-02 2,026719e-02 9,734264e-03
4,098242e-03 3,998927e-03 2,043137e-02 2,312847e-02 1,149658e-02
4,195353e-03 4,063790e-03 2,332489e-02 2,714741e-02 1,395123e-02
